125,6
125,5
125,4
125,3
100,1
100,3
165,35
10,193
10,151
10,135
10,173
10,65
10,265
10,69
11,21
11,15
11,9
11,19
11,2
11,3
8,8
8,18
8,4
8,9
8,2
0,320
20,2
19,2
19,1
19,3
18,1
18,3
14,1
14,3
13,1
13,3
125,87
125,86
125,85
125,84
125,83
125,82
125,81
125,80
125,79
125,78
125,77
125,76
125,75
125,74
125,73
125,72
125,71
125,70
125,69
125,68
125,67
125,66
125,65
125,64
125,35
125,34
125,33
125,32
125,31
125,30
125,29
125,28
125,27
125,26
125,25
125,24
125,23
125,22
125,20
125,19
125,18
125,17
125,16
125,15
125,14
125,13
125,12
